000934
000457
000816
000420
000266
000404
000519
000888
000808
000361
000706
000203
000053
000789
000117
000372
000163
000734
000370
000942
000530
000587
000258
000489
000427
000670
000940
000688
000897
000651
000637
000254
000020
000962
000943
000746
000012
000690
000634
000332
000072
000114
000112
000252
000782
000463
000947
000810
000399
000141
000142
000577
000984
000351
000282
000594
000616
000534
000174
000823
000093
000102
000442
000419
000662
000561
000609
000273
000398
000177
000238
000003
000247
000632
000820
000383
000449
000122
000824
000188
000421
000712
000779
000150
000584
000151
000851
000904
000590
000764
000801
000722
000243
000070
000025
000493
000232
000591
000869
000635
000870
000124
000576
000821
000256
000236
000304
000217
000022
000509
000630
000240
000667
000068
000092
000876
000774
000000
000325
000568
000434
000873
000842
000061
000511
000456
000582
000144
000303
000951
000578
000097
000002
000098
000719
000251
000406
000013
000322
000336
000046
000302
000545
000656
000592
000571
000675
000182
000613
000556
000271
000987
000206
000865
000988
000806
000433
000730
000501
000355
000615
000655
000343
000695
000569
000724
000135
000652
000903
000672
000857
000855
000687
000506
000223
000059
000913
000089
000382
000390
000898
000694
000893
000766
000877
000158
000081
000684
000922
000881
000572
000504
000118
000758
000478
000669
000010
000762
000937
000735
000110
000516
000278
000608
000024
000026
000754
000039
000461
000909
000428
000812
000288
000528
000759
000028
000196
000019
000152
000536
000699
000485
000035
000625
000731
000045
000491
000729
000388
000040
000520
000575
000901
000535
000593
000847
000353
000522
000986
000892
000080
000176
000515
000563
000543
000214
000959
000836
000268
000395
000866
000408
000451
000113
000963
000976
000721
000224
000657
000297
000879
000387
000315
000586
000499
000740
000246
000805
000279
000825
000030
000356
000560
000316
000301
000323
000439
000969
000939
000500
000011
000948
000468
000213
000693
000379
000391
000916
000096
000965
000665
000641
000564
000529
000658
000006
000226
000682
000957
000514
000090
000540
000521
000344
000890
000718
000935
000796
000065
000358
000891
000751
000949
000696
000749
000803
000981
000043
000711
000312
000458
000612
000602
000908
000049
000664
000320
000875
000283
000829
000127
000444
000333
000931
000360
000140
000239
000193
000445
000373
000828
000032
000016
000042
000622
000411
000167
000647
000385
000798
000162
000280
000173
000327
000015
000472
000872
000589
000289
000747
000853
000248
000748
000894
000938
000023
000923
000966
000274
000108
000008
000106
000854
000178
000653
000676
000414
000559
000321
000971
000771
000660
000627
000480
000979
000736
000426
000552
000705
000624
000815
000120
000915
000004
000648
000674
000367
000294
000270
000143
000205
000067
000725
000924
000502
000284
000906
000494
000077
000265
000259
000060
000245
000487
000191
000744
000453
000636
000056
000132
000925
000775
000614
000553
000464
000776
000863
000317
000021
000895
000155
000638
000628
000692
000588
000277
000926
000565
000921
000181
000048
000710
000386
000394
000817
000047
000760
000927
000704
000538
000547
000756
000212
000975
000886
000470
000364
000063
000477
000296
000261
000272
000770
000164
000337
000455
000606
000051
000900
000241
000412
000955
000883
000250
000697
000917
000755
000983
000365
000050
000666
000036
000982
000549
000326
000307
000768
000126
000465
000784
000170
000732
000286
000585
000633
000680
000357
000750
000378
000958
000474
000691
000340
000769
000079
000714
000848
000678
000738
000249
000285
000137
000481
000605
000467
000570
000761
000263
000029
000381
000878
000832
000541
000659
000389
000867
000715
000298
000513
000319
000483
000172
000377
000486
000057
000843
000138
000527
000349
000668
000723
000964
000233
000145
000371
000512
000631
000837
000936
000607
000838
000186
000790
000429
000306
000116
000299
000392
000363
000190
000941
000548
000961
000896
000287
000105
000165
000087
000600
000946
000218
000459
000400
000839
000673
000448
000134
000088
000889
000436
000618
000314
000479
000432
000159
000484
000490
000871
000471
000795
000980
000017
000579
000846
000413
000234
000671
000216
000557
000308
000202
000809
000703
000698
000473
000231
000209
000539
000596
000156
000882
000497
000914
000366
000300
000757
000972
000574
000446
000416
000007
000293
000237
000305
000033
000215
000702
000707
000827
000086
000091
000629
